37305595532
43188252011
44511230858
56538651688
76908660255
92950387023
99961184414
123082832162
278940648126
283516137402
353507007041
100122587050500
101282579953355
103984536875935
103988722970881
104006402970363
104017826300750
104035229658299
104313633629131
104387733043681
104721369566472
105512046803311
105581443211166
107293796579071
107508436020534
108488209175477
110382042909228
110773132284441
110918502334444
111359092286423
111959568931458
112053159461152
112227025460310
112422666028476
112544212159745
112557295424880
112977492048664
113003705834767
113813489236127
113875908623122
116297831775354
116600495583822
116731465600523
117363935635823
118368845522005
118406454904385
118427695470504
118431048881908
119472215344133
119884928066404
120366594675785
120689181598040
122253027984551
122407921691200
123321581687148
123722128305124
124468257581432
124630748232589
124726088081639
125502948098705
125675810844824
125940718194801
126036354672882
126201154629725
127435711138803
128531594496643
128733694525408
129245643912415
129373661080737
129377120585163
129757954344039
129814610758265
130079983740312
130170417112065
130481130370700
130774740810483
131160904139930
131426990848463
131872690760600
132029850142242
132175444063959
132338464131416
132596603762732
132836633467484
132938197266087
132956134073136
133288493445697
134121493410649
134449953727058
134460520542180
135578167148264
135750319816014
136200603645200
136365556989894
136737886870993
137463449796533
137559226283041
138154742909067
138331610105674
138635073441217
140262796050555
140516162962065
140547953194910
141292623092685
141767669293831
142011682531571
143449362473672
143763252374018
143979422637015
144254122844081
144755675929681
145515596014783
145531722203350
146068728885321
146129936150987
146268542747081
146942872499577
147366105652635
147596129195987
148279695942655